1500 1500
7 8 2
1.0 0.0 0.0 0 1.0 1.0 1.0 10000000000 
0.0 1.0 0.0 0 1.0 1.0 1.0 10000000000
0.0 0.0 1.0 0 1.0 1.0 1.0 10000000000
1.0 1.0 1.0 0.0 1.0 1.0 1.0 400
0.1 0.89 0.35 0 1.0 1.0 1.0 100000000
0.1 0.35 0.5 1.0 0.9 0.4 1.0 20
0.0 0.5 0.8 0.9 0.1 0.6 0.87 300
750 750 -300 150 5 sphere 0 0 0
900 1000 0 100 3 cube 15 15 15
1000 550 -350 100 6 sphere 0 0 0
750 750 900 900 0 cube 0 0 0 
750 170 60 1140 1 triangle 72 0 0
750 1300 0 1140 2 triangle 111 0 0 
1350 740 -100 930 3 triangle 0 70 90
150 750 -100 930 4 triangle 0 -70 270
750 750 -3000 0.2 1.0 0.8
750 1250 -3000 1.0 1.0 0.4
 
